79
8
65
2
47
77
27
70
29
0
16
83
96
25
1
33
25
15
31
50
0
12
3
48
55
28
83
44
19
34
7
22
90
5
74
59
42
34
72
33
9
52
77
81
90
48
9
5
80
63
68
17
15
63
58
25
47
89
51
18
25
30
97
91
49
55
74
11
94
64
86
58
82
10
30
28
94
42
82
41
22
78
78
53
21
25
67
95
15
46
26
68
40
29
66
83
29
24
87
65
51
39
75
1
1
27
92
16
52
72
37
0
1
53
62
80
58
49
51
62
58
68
84
40
54
76
87
11
58
39
83
78
50
21
22
4
69
91
67
53
48
92
69
87
60
52
3
13
30
39
92
49
12
71
41
63
65
18
75
98
87
95
51
55
33
44
48
21
91
31
87
4
18
62
42
66
97
75
23
16
14
96
84
65
2
27
49
26
88
68
30
98
89
70
15
25
41
96
58
24
47
57
87
80
2
72
88
13
4
10
64
69
76
95
91
53
68
28
19
24
54
37
4
8
19
34
71
50
94
84
81
79
64
97
40
28
40
68
92
87
30
41
95
16
33
53
51
95
77
10
52
32
69
37
10
95
22
44
78
28
49
24
89
44
70
13
66
46
9
98
40
4
27
43
92
85
18
37
2
20
82
61
20
76
60
33
51
32
65
56
25
62
4
1
76
43
86
64
49
93
87
89
51
74
10
70
95
13
13
83
91
95
35
97
91
8
98
32
67
15
45
90
92
88
65
42
8
78
48
46
97
42
27
89
54
67
51
92
83
70
23
92
42
6
46
29
44
58
45
35
23
80
37
10
99
54
18
40
84
31
71
82
85
67
49
23
75
76
52
31
41
26
93
64
88
14
98
35
52
44
72
85
62
14
10
88
86
17
61
10
12
90
0
6
10
78
34
34
17
40
34
73
81
56
13
57
40
14
41
29
51
20
19
14
36
53
24
20
36
47
92
60
9
44
34
52
72
94
52
91
24
68
99
3
7
65
97
57
26
71
59
36
97
80
62
83
17
87
78
41
90
86
65
47
6
57
65
33
63
42
37
45
9
32
99
13
94
31
68
0
67
45
73
13
90
75
81
91
46
82
96
53
88
65
30
90
79
65
67
57
30
25
35
97
18
31
77
7
92
11
65
5
14
0
35
78
49
13
28
15
58
79
95
62
14
88
65
30
84
95
49
20
67
48
12
61
6
70
78
13
63
94
98
28
51
11
44
28
99
39
91
54
9
57
31
26
3
63
28
74
26
16
34
18
60
52
86
32
82
21
77
79
88
91
69
14
18
42
80
23
52
79
82
81
28
53
71
87
72
59
5
58
64
52
64
99
9
50
51
15
88
11
71
61
94
26
32
62
28
27
68
11
64
39
89
94
90
31
3
98
1
42
35
47
74
82
63
11
20
12
97
8
35
13
40
74
23
75
58
64
52
16
16
3
78
97
72
44
3
22
16
23
30
66
62
76
33
55
72
82
11
40
62
27
75
19
70
64
1
54
67
77
34
41
11
61
40
47
27
8
51
35
30
14
23
14
33
6
51
86
66
43
44
41
29
91
40
8
16
85
61
87
58
89
90
84
22
16
8
64
22
20
43
90
12
87
95
6
70
60
11
28
26
32
64
23
49
28
99
37
44
83
63
99
17
6
77
55
84
7
82
97
74
8
78
54
87
58
95
74
24
18
54
53
68
43
26
59
32
7
39
50
22
0
66
25
95
99
94
94
94
63
76
32
33
67
64
68
10
87
51
18
19
61
74
77
39
22
69
91
37
39
25
98
23
97
99
81
48
1
61
27
3
93
0
95
20
85
54
15
78
25
47
59
75
5
26
51
79
19
28
49
43
40
19
2
31
50
30
87
16
82
83
28
4
99
64
24
55
39
78
85
22
30
78
55
60
80
42
68
29
27
96
28
20
27
87
82
25
15
95
19
3
66
23
61
68
34
10
73
7
56
3
36
75
12
54
84
86
32
46
67
65
14
81
20
31
35
17
37
90
56
62
25
85
63
85
64
84
30
74
89
18
96
82
28
21
29
41
69
25
81
79
85
82
24
50
45
24
89
99
84
65
5
54
74
98
83
37
55
91
79
2
16
9
0
89
38
19
47
28
74
65
70
0
50
49
45
21
3
63
8
15
46
51
34
81
4
78
22
0
98
14
81
56
91
17
44
26
26
77
35
50
59
2
27
50
45
65
37
4
30
64
97
0
57
39
90
49
77
89
91
33
90
49
27
41
88
84
78
88
80
24
9
33
85
60
5
79
96
